loss: [1.4797223806381226, 0.9070008397102356, 0.9093468189239502, 0.9003370404243469, 0.902158796787262, 0.9090767502784729, 0.9052057266235352, 0.8772626519203186, 0.9012042880058289, 0.905772864818573, 0.8993114829063416, 0.9010561108589172, 0.899156928062439, 0.9099269509315491, 0.9078156352043152, 0.8967195749282837, 0.9011074900627136, 0.8982009291648865, 0.9054561257362366, 0.9018328189849854, 0.9013425707817078, 0.9072052836418152, 0.9070132970809937, 0.887558102607727, 0.9009395837783813, 0.9013930559158325, 0.8982644081115723, 0.8996254801750183, 0.8990059494972229, 0.8989807963371277]
accuracy: [0.46064814925193787, 0.4583333432674408, 0.4496527910232544, 0.4659624397754669, 0.4665493071079254, 0.4665493071079254, 0.4524647891521454, 0.46068075299263, 0.46830984950065613, 0.47007042169570923, 0.4636150300502777, 0.4518779218196869, 0.45363849401474, 0.44386574625968933, 0.4704861044883728, 0.4518779218196869, 0.4530516564846039, 0.47417840361595154, 0.46875, 0.47007042169570923, 0.4501173794269562, 0.45428240299224854, 0.4512910842895508, 0.47241783142089844, 0.4595070481300354, 0.4642018675804138, 0.48004695773124695, 0.46068075299263, 0.4671361446380615, 0.47183099389076233]
val_loss: [0.9271597862243652, 0.8842930793762207, 0.9278106093406677, 0.861600935459137, 0.8731374144554138, 0.923170268535614, 0.8748072981834412, 0.931043803691864, 0.8658834099769592, 0.8576511740684509, 0.9753814339637756, 0.9301254153251648, 0.9319775104522705, 0.9542950987815857, 0.902423620223999, 0.8384832739830017, 0.9403790831565857, 0.8656613826751709, 0.9135627150535583, 0.8750399947166443, 0.8637601733207703, 0.8409005999565125, 0.869655191898346, 0.9012917876243591, 0.8740230202674866, 0.9468663334846497, 0.8725771307945251, 0.9340065121650696, 0.8367846012115479, 0.8740031719207764]
val_accuracy: [0.4010416567325592, 0.4583333432674408, 0.515625, 0.484375, 0.4895833432674408, 0.515625, 0.5052083134651184, 0.4635416567325592, 0.4947916567325592, 0.4791666567325592, 0.4427083432674408, 0.4895833432674408, 0.4739583432674408, 0.4270833432674408, 0.5, 0.53125, 0.4322916567325592, 0.4791666567325592, 0.4479166567325592, 0.4479166567325592, 0.4947916567325592, 0.523809552192688, 0.453125, 0.5, 0.4635416567325592, 0.4322916567325592, 0.453125, 0.4375, 0.5364583134651184, 0.5208333134651184]
