loss: [0.9550079703330994, 0.9014516472816467, 0.9129868149757385, 0.9046056270599365, 0.9083448052406311, 0.9024062752723694, 0.9057314991950989, 0.9032930731773376, 0.9082102179527283, 0.8996450304985046, 0.8930739760398865, 0.885057806968689, 0.9050983786582947, 0.8916321992874146, 0.9023234248161316, 0.9012637138366699, 0.8997383117675781, 0.9022866487503052, 0.9107756614685059, 0.9004107117652893, 0.9018889665603638, 0.8965084552764893, 0.9100077748298645, 0.8977395296096802, 0.9028580784797668, 0.9114429354667664, 0.9097107648849487, 0.9012762308120728, 0.8952984809875488, 0.8820112943649292]
accuracy: [0.47593897581100464, 0.48004695773124695, 0.4671361446380615, 0.47359153628349304, 0.4636150300502777, 0.44366195797920227, 0.43896713852882385, 0.4659624397754669, 0.45949074625968933, 0.4559859037399292, 0.47300469875335693, 0.48532864451408386, 0.4542253613471985, 0.4636150300502777, 0.46296295523643494, 0.44659623503685, 0.47769951820373535, 0.4624413251876831, 0.46122685074806213, 0.4542253613471985, 0.4565727710723877, 0.4495305120944977, 0.4647887349128723, 0.4756944477558136, 0.4618544578552246, 0.44483569264411926, 0.4542253613471985, 0.44424882531166077, 0.44542253017425537, 0.4722222089767456]
val_loss: [0.9397959113121033, 0.9815523028373718, 0.8977048993110657, 1.006857991218567, 0.8894307017326355, 0.9259071350097656, 0.8581834435462952, 0.922196090221405, 0.8608271479606628, 0.8921282887458801, 0.9024589657783508, 0.8527562022209167, 0.9715525507926941, 0.8640846610069275, 0.8697189688682556, 0.8770821690559387, 0.9161568284034729, 0.8353243470191956, 0.9247527122497559, 0.874718427658081, 0.9022790789604187, 0.9661086201667786, 0.8833855986595154, 0.9106608033180237, 0.8671733140945435, 0.8838896751403809, 0.8853245377540588, 0.9754176139831543, 0.8733735084533691, 0.8964343070983887]
val_accuracy: [0.4427083432674408, 0.4479166567325592, 0.4635416567325592, 0.4270833432674408, 0.46875, 0.4739583432674408, 0.5059523582458496, 0.4895833432674408, 0.4583333432674408, 0.515625, 0.4270833432674408, 0.484375, 0.4947916567325592, 0.46875, 0.4427083432674408, 0.5, 0.4739583432674408, 0.484375, 0.4791666567325592, 0.484375, 0.4895833432674408, 0.4523809552192688, 0.4791666567325592, 0.5, 0.5, 0.4479166567325592, 0.4739583432674408, 0.4947916567325592, 0.484375, 0.4479166567325592]
