loss: [203549.703125, 1.7880933284759521, 0.9089717268943787, 0.9050213098526001, 0.9095227718353271, 0.9089404344558716, 0.900326132774353, 0.9124916195869446, 0.9080370664596558, 0.9038951396942139, 0.9075398445129395, 0.9084876775741577, 0.9022923111915588, 0.9002962708473206, 0.9103770852088928, 0.8942774534225464, 0.896619439125061, 0.9106746315956116, 0.9129226207733154, 0.909670889377594, 0.8998739719390869, 0.9007123708724976, 0.900489330291748, 0.9083326458930969, 0.911383330821991, 0.8951521515846252, 0.9195261001586914, 0.9104125499725342, 0.9009540677070618, 0.9028820991516113]
accuracy: [0.42957746982574463, 0.47593897581100464, 0.4665493071079254, 0.46585649251937866, 0.4392361044883728, 0.4483568072319031, 0.47476527094841003, 0.44131454825401306, 0.4479166567325592, 0.4624413251876831, 0.4671361446380615, 0.48063379526138306, 0.46064814925193787, 0.45428240299224854, 0.4524647891521454, 0.47535210847854614, 0.4548611044883728, 0.47241783142089844, 0.44542253017425537, 0.45717594027519226, 0.4652777910232544, 0.4595070481300354, 0.46948355436325073, 0.4647887349128723, 0.4375, 0.47337964177131653, 0.44072771072387695, 0.44072771072387695, 0.47300469875335693, 0.4461805522441864]
val_loss: [4.293478488922119, 0.9616349339485168, 0.90179842710495, 0.9518811106681824, 0.9125325083732605, 0.9737599492073059, 0.8942599892616272, 0.9639779925346375, 0.8582324981689453, 0.8745672106742859, 0.9438217282295227, 0.9527304768562317, 0.9508395195007324, 0.9360195994377136, 0.9649631977081299, 0.9186696410179138, 0.9107626080513, 0.9296486973762512, 0.858243465423584, 0.8852502703666687, 0.9314732551574707, 0.892233669757843, 0.894683301448822, 0.890336811542511, 0.8564837574958801, 0.936854362487793, 0.9108709692955017, 0.9159460663795471, 0.9217336773872375, 0.9060630798339844]
val_accuracy: [0.453125, 0.4791666567325592, 0.453125, 0.4479166567325592, 0.4375, 0.4270833432674408, 0.4635416567325592, 0.4322916567325592, 0.4739583432674408, 0.4635416567325592, 0.421875, 0.5, 0.4739583432674408, 0.453125, 0.421875, 0.40625, 0.4947916567325592, 0.5052083134651184, 0.453125, 0.4479166567325592, 0.46875, 0.5520833134651184, 0.4895833432674408, 0.4947916567325592, 0.5260416865348816, 0.4375, 0.484375, 0.4479166567325592, 0.4583333432674408, 0.4761904776096344]
