loss: [124007.796875, 0.9022102952003479, 0.9046156406402588, 0.9116724729537964, 0.8970926403999329, 0.9135560393333435, 0.9049264192581177, 0.9108455181121826, 0.9073153138160706, 0.9076516032218933, 0.9011556506156921, 0.9069195985794067, 0.9075397849082947, 0.9096760749816895, 0.9054848551750183, 0.9115828275680542, 0.8980436325073242, 0.9043532609939575, 0.8953180313110352, 0.8978880643844604, 0.9064759612083435, 0.913436770439148, 0.9135122299194336, 0.9035012125968933, 0.9092354774475098, 0.9098795056343079, 0.9012157320976257, 0.9086751937866211, 0.898680567741394, 0.8966583609580994]
accuracy: [0.453125, 0.4559859037399292, 0.45363849401474, 0.4636150300502777, 0.47887325286865234, 0.4530516564846039, 0.45254629850387573, 0.4583333432674408, 0.4704861044883728, 0.47652581334114075, 0.4489436745643616, 0.46830984950065613, 0.46412035822868347, 0.47946009039878845, 0.4665493071079254, 0.47828638553619385, 0.46772301197052, 0.48591548204421997, 0.48532864451408386, 0.4461805522441864, 0.4577464759349823, 0.4483568072319031, 0.46948355436325073, 0.47769951820373535, 0.4600938856601715, 0.47711268067359924, 0.4659624397754669, 0.47241783142089844, 0.48767605423927307, 0.4636150300502777]
val_loss: [0.8542580008506775, 0.8799518942832947, 0.9140482544898987, 0.8991498351097107, 0.8529124855995178, 0.9180377125740051, 0.9147747159004211, 0.9017556309700012, 0.8715419769287109, 0.8834925293922424, 0.8825953006744385, 0.9034542441368103, 0.905433177947998, 0.8856310844421387, 0.8361115455627441, 0.9542616009712219, 0.8798406720161438, 0.8849539160728455, 0.8691086769104004, 0.9457334876060486, 0.8946396708488464, 0.9054819941520691, 0.9196577072143555, 0.8956122994422913, 0.8677492141723633, 0.8809674382209778, 0.9561921954154968, 0.9189596176147461, 0.9315075874328613, 0.8817023038864136]
val_accuracy: [0.5052083134651184, 0.453125, 0.4947916567325592, 0.4270833432674408, 0.4791666567325592, 0.4166666567325592, 0.4427083432674408, 0.4947916567325592, 0.4895833432674408, 0.4895833432674408, 0.5052083134651184, 0.515625, 0.46875, 0.5, 0.4404761791229248, 0.4270833432674408, 0.5052083134651184, 0.5, 0.4895833432674408, 0.5260416865348816, 0.453125, 0.4739583432674408, 0.4947916567325592, 0.453125, 0.5052083134651184, 0.4739583432674408, 0.5, 0.4895833432674408, 0.484375, 0.4761904776096344]
