loss: [0.8807834386825562, 0.6777157783508301, 0.4248211681842804, 0.3190218210220337, 0.20655348896980286, 0.1785046011209488, 0.11466923356056213, 0.12216638773679733, 0.08563487976789474, 0.08683072775602341, 0.08784065395593643, 0.09109389036893845, 0.07644015550613403, 0.05573457106947899, 0.05748764052987099, 0.027704661712050438, 0.02050604671239853, 0.07888619601726532, 0.129706010222435, 0.02800925076007843, 0.028721032664179802, 0.01017164159566164, 0.005944436881691217, 0.002457476919516921, 0.0005463227862492204, 0.0002712103887461126, 0.00017918419325724244, 0.00014621077571064234, 0.00011760879715438932, 8.604462345829234e-05]
accuracy: [0.48826292157173157, 0.6807511448860168, 0.8180751204490662, 0.8692129850387573, 0.9143518805503845, 0.9340277910232544, 0.9583333134651184, 0.9530516266822815, 0.9694835543632507, 0.9659624695777893, 0.9670138955116272, 0.9671361446380615, 0.9712441563606262, 0.9818075299263, 0.9771126508712769, 0.9911971688270569, 0.9917840361595154, 0.9671361446380615, 0.9537037014961243, 0.9929577708244324, 0.9888497591018677, 0.9976851940155029, 0.9976525902748108, 1.0, 1.0, 1.0, 1.0, 1.0, 1.0, 1.0]
val_loss: [0.7240839004516602, 0.5608718991279602, 0.3311425745487213, 0.2830824553966522, 0.11825879663228989, 0.10152477771043777, 0.07847984880208969, 0.07600704580545425, 0.056217093020677567, 0.1827208399772644, 0.05725524201989174, 0.08298639208078384, 0.04138455167412758, 0.015508003532886505, 0.01951897144317627, 0.04120812937617302, 0.014871157705783844, 0.014289491809904575, 0.03186894580721855, 0.012922114692628384, 0.022183271124958992, 0.001544977887533605, 0.000646304280962795, 0.0007323203608393669, 0.00011156223627040163, 0.00012613141734618694, 0.00014195500989444554, 0.0002230475511169061, 9.827790199778974e-05, 7.131481834221631e-05]
val_accuracy: [0.5989583134651184, 0.6822916865348816, 0.859375, 0.859375, 0.953125, 0.9583333134651184, 0.96875, 0.9739583134651184, 0.9739583134651184, 0.9166666865348816, 0.984375, 0.9583333134651184, 0.9791666865348816, 1.0, 0.9895833134651184, 0.9940476417541504, 0.9895833134651184, 1.0, 0.9895833134651184, 0.9895833134651184, 0.9895833134651184, 1.0, 1.0, 1.0, 1.0, 1.0, 1.0, 1.0, 1.0, 1.0]
