loss: [0.90217125415802, 0.7888011932373047, 0.6547136902809143, 0.4404158890247345, 0.3970702290534973, 0.2968633472919464, 0.26251041889190674, 0.21538865566253662, 0.19632987678050995, 0.13636155426502228, 0.1570979803800583, 0.12451700866222382, 0.10247805714607239, 0.1114996001124382, 0.06820642203092575, 0.06752891093492508, 0.0715034082531929, 0.034569885581731796, 0.021106701344251633, 0.04662105441093445, 0.0357121042907238, 0.023481428623199463, 0.014462927356362343, 0.03518233820796013, 0.07349923998117447, 0.04200010001659393, 0.010222142562270164, 0.0037284190766513348, 0.0013013993157073855, 0.0004546551499515772]
accuracy: [0.48415493965148926, 0.591549277305603, 0.7065972089767456, 0.8022300601005554, 0.8268779516220093, 0.8708920478820801, 0.8902581930160522, 0.908450722694397, 0.922535240650177, 0.9495305418968201, 0.9325117468833923, 0.9460093975067139, 0.9583333134651184, 0.952464759349823, 0.9730046987533569, 0.9718309640884399, 0.9718309640884399, 0.9865023493766785, 0.9929577708244324, 0.9835680723190308, 0.9901620149612427, 0.9929577708244324, 0.9941314458847046, 0.98591548204422, 0.9753521084785461, 0.9797453880310059, 0.9976851940155029, 1.0, 1.0, 1.0]
val_loss: [0.8448588252067566, 0.7606095671653748, 0.46918854117393494, 0.361346572637558, 0.29224804043769836, 0.20895320177078247, 0.21487866342067719, 0.11003326624631882, 0.19319438934326172, 0.27217087149620056, 0.08731641620397568, 0.2466757446527481, 0.13207830488681793, 0.08668676763772964, 0.04107312113046646, 0.07693726569414139, 0.01699128933250904, 0.02994498610496521, 0.008602313697338104, 0.030736960470676422, 0.019739573821425438, 0.0018916152184829116, 0.004078906495124102, 0.03697667270898819, 0.04456663504242897, 0.010526557452976704, 0.020307987928390503, 0.0011346139945089817, 0.00039286501123569906, 0.00027444129227660596]
val_accuracy: [0.5052083134651184, 0.636904776096344, 0.8125, 0.875, 0.9010416865348816, 0.921875, 0.9114583134651184, 0.9635416865348816, 0.953125, 0.8958333134651184, 0.9635416865348816, 0.90625, 0.9583333134651184, 0.9739583134651184, 0.96875, 0.96875, 1.0, 0.9947916865348816, 1.0, 0.9947916865348816, 1.0, 1.0, 1.0, 0.9895833134651184, 0.984375, 1.0, 0.9947916865348816, 1.0, 1.0, 1.0]
